41616100086, 41616100460
41616150087, 41616150467
41616200089, 41616200469
41616250090, 41616250470
41616300091, 41616300471
41616350088, 41616350468
41616400090, 41616400475
41616450091, 41616450476
41616500092, 41616500477
41616550097, 41616550482
41616600099, 41616600484
41616650096, 41616650481
41616700101, 41616700486
41616750102, 41616750487
41616800084, 41616800469
41616850085, 41616850470
41616900090, 41616900475
41616950087, 41616950472
41617000041, 41617000426
41617050078, 41617050463
41617100071, 41617100456
41617150080, 41617150465
41617200081, 41617200466
41617250071, 41617250456
41617300072, 41617300457
41617350077, 41617350462
41617400078, 41617400463
41617450083, 41617450468
41617500081, 41617500466
41617550086, 41617550471
41617600087, 41617600472
41617650088, 41617650473
41617700089, 41617700474
41617750095, 41617750480
41617800088, 41617800468
41617850089, 41617850469
41617900094, 41617900474
41617950095, 41617950475
41618000037, 41618000417
41618050078, 41618050458
41618100063, 41618100443
41618150088, 41618150462
41618200074, 41618200448
41618250071, 41618250440
41618300072, 41618300441
41618350073, 41618350437
41618400071, 41618400435
41618450076, 41618450440
41618500077, 41618500441
41618550078, 41618550442
41618600084, 41618600448
41618650085, 41618650449
41618700082, 41618700440
41618750083, 41618750441
41618800089, 41618800447
41618850090, 41618850443
41618900095, 41618900448
41618950092, 41618950445
41619000038, 41619000391
41619050075, 41619050428
41619100068, 41619100421
41619150065, 41619150418
41619200082, 41619200435
41619250068, 41619250421
41619300069, 41619300416
41619350070, 41619350417
41619400071, 41619400418
41619450076, 41619450423
41619500078, 41619500425
41619550075, 41619550422
41619600076, 41619600423
41619650081, 41619650428
41619700082, 41619700429
41619750088, 41619750435
41619800089, 41619800436
41619850086, 41619850433
41619900087, 41619900434
41619950088, 41619950435
41620000038, 41620000385
41620050071, 41620050418
41620100080, 41620100427
41620150081, 41620150428
41620200075, 41620200422
41620250088, 41620250435
41620300089, 41620300436
41620350090, 41620350437
41620400088, 41620400435
41620450089, 41620450436
41620500090, 41620500437
41620550095, 41620550442
41620600097, 41620600444
41620650078, 41620650425
41620700099, 41620700446
41620750080, 41620750427
41620800082, 41620800429
41620850087, 41620850434
41620900088, 41620900435
41620950089, 41620950436
41621000035, 41621000382
41621050080, 41621050427
41621100073, 41621100420
41621150070, 41621150417
41621200067, 41621200414
41621250073, 41621250420
41621300074, 41621300421
41621350079, 41621350426
41621400080, 41621400427
41621450085, 41621450432
41621500091, 41621500438
41621550088, 41621550435
41621600093, 41621600440
41621650094, 41621650441
41621700095, 41621700442
41621750097, 41621750444
41621800078, 41621800431
41621850099, 41621850457
41621900080, 41621900438
41621950081, 41621950445
41622000035, 41622000399
41622050072, 41622050441
41622100065, 41622100439
41622150082, 41622150462
41622200076, 41622200456
41622250065, 41622250450
41622300070, 41622300455
41622350071, 41622350456
41622400073, 41622400458
41622450070, 41622450455
41622500075, 41622500460
41622550076, 41622550461
41622600078, 41622600463
41622650083, 41622650468
41622700080, 41622700465
41622750081, 41622750466
41622800083, 41622800468
41622850088, 41622850473
41622900085, 41622900470
41622950090, 41622950475
41623000036, 41623000421
41623050073, 41623050458
41623100066, 41623100451
41623150067, 41623150452
41623200069, 41623200449
41623250074, 41623250454
41623300071, 41623300451
41623350076, 41623350456
41623400078, 41623400452
41623450083, 41623450457
41623500088, 41623500457
41623550089, 41623550458
41623600087, 41623600451
41623650092, 41623650456
41623700093, 41623700457
41623750098, 41623750462
41623800080, 41623800444
41623850109, 41623850473
41623900082, 41623900446
41623950083, 41623950447
41624000033, 41624000391
41624050074, 41624050432
41624100067, 41624100425
41624150064, 41624150422
41624200081, 41624200439
41624250067, 41624250420
41624300072, 41624300425
41624350073, 41624350426
41624400074, 41624400427
41624450071, 41624450424
41624500077, 41624500430
41624550078, 41624550431
41624600079, 41624600432
41624650084, 41624650437
41624700089, 41624700442
41624750087, 41624750440
41624800088, 41624800441
41624850093, 41624850446
41624900094, 41624900447
41624950099, 41624950452
41625000033, 41625000386
41625050074, 41625050427
41625100067, 41625100420
41625150064, 41625150417
41625200062, 41625200415
41625250075, 41625250428
41625300072, 41625300430
41625350073, 41625350431
41625400079, 41625400443
41625450084, 41625450448
41625500089, 41625500458
41625550086, 41625550455
41625600084, 41625600458
41625650089, 41625650469
41625700090, 41625700470
41625750091, 41625750476
41625800097, 41625800482
41625850098, 41625850488
41625900095, 41625900491
41625950096, 41625950492
41626000034, 41626000435
41626050067, 41626050468
41626100060, 41626100461
41626150073, 41626150479
41626200066, 41626200472
41626250084, 41626250496
41626300085, 41626300497
41626350066, 41626350483
41626400067, 41626400489
41626450068, 41626450490
41626500070, 41626500492
41626550075, 41626550503
41626600076, 41626600504
41626650081, 41626650514
41626700082, 41626700520
41626750080, 41626750518
41626800085, 41626800523
41626850086, 41626850524
41626900091, 41626900529
41626950092, 41626950530
41627000030, 41627000468
41627050063, 41627050501
41627100056, 41627100494
41627150077, 41627150515
41627200075, 41627200519
41627250060, 41627250504
41627300065, 41627300514
41627350062, 41627350511
41627400068, 41627400517
41627450073, 41627450522
41627500074, 41627500523
41627550075, 41627550524
41627600077, 41627600526
41627650074, 41627650523
41627700075, 41627700524
41627750076, 41627750525
41627800078, 41627800527
41627850079, 41627850528
41627900076, 41627900525
41627950081, 41627950530
41628000031, 41628000480
41628050068, 41628050517
41628100057, 41628100506
41628150082, 41628150531
41628200067, 41628200516
41628250077, 41628250526
41628300078, 41628300527
41628350079, 41628350528
41628400084, 41628400533
41628450085, 41628450534
41628500083, 41628500527
41628550084, 41628550528
41628600085, 41628600529
41628650090, 41628650534
41628700071, 41628700515
41628750073, 41628750511
41628800090, 41628800528
41628850091, 41628850529
41628900096, 41628900534
41628950097, 41628950535
41629000027, 41629000465
41629050056, 41629050489
41629100073, 41629100506
41629150070, 41629150503
41629200068, 41629200496
41629250073, 41629250501
41629300078, 41629300500
41629350075, 41629350497
41629400077, 41629400494
41629450078, 41629450490
41629500083, 41629500489
41629550084, 41629550485
41629600086, 41629600482
41629650079, 41629650464
41629700080, 41629700460
41629750081, 41629750455
41629800087, 41629800456
41629850088, 41629850452
41629900089, 41629900447
41629950086, 41629950439
41630000028, 41630000381
41630050065, 41630050412
41630100054, 41630100401
41630150079, 41630150421
41630200064, 41630200406
41630250074, 41630250416
41630300075, 41630300417
41630350076, 41630350418
41630400077, 41630400419
41630450078, 41630450420
41630500076, 41630500418
41630550081, 41630550423
41630600082, 41630600424
41630650083, 41630650425
41630700084, 41630700426
41630750086, 41630750428
41630800079, 41630800421
41630850080, 41630850422
41630900081, 41630900423
41630950082, 41630950424
41631000024, 41631000366
41631050065, 41631050407
41631100050, 41631100392
41631150071, 41631150413
41631200053, 41631200395
41631250074, 41631250416
41631300075, 41631300417
41631350076, 41631350418
41631400074, 41631400416
41631450075, 41631450417
41631500076, 41631500418
41631550077, 41631550419
41631600079, 41631600421
41631650080, 41631650422
41631700077, 41631700419
41631750078, 41631750425
41631800084, 41631800431
41631850085, 41631850432
41631900090, 41631900437
41631950083, 41631950436
41632000025, 41632000378
41632050066, 41632050424
41632100055, 41632100408
41632150052, 41632150405
41632200054, 41632200407
41632250075, 41632250428
41632300056, 41632300409
41632350057, 41632350410
41632400059, 41632400412
41632450064, 41632450417
41632500065, 41632500412
41632550062, 41632550409
41632600064, 41632600411
41632650069, 41632650411
41632700070, 41632700412
41632750071, 41632750413
41632800097, 41632800439
41632850070, 41632850412
41632900071, 41632900413
41632950076, 41632950418
41633000026, 41633000368
41633050067, 41633050404
41633100052, 41633100389
41633150073, 41633150410
41633200074, 41633200411
41633250076, 41633250413
41633300057, 41633300394
41633350058, 41633350395
41633400079, 41633400416
41633450060, 41633450397
41633500066, 41633500403
41633550067, 41633550404
41633600068, 41633600405
41633650069, 41633650406
41633700066, 41633700403
41633750068, 41633750405
41633800073, 41633800404
41633850074, 41633850405
41633900079, 41633900410
41633950080, 41633950411
41634000022, 41634000353
41634050063, 41634050394
41634100052, 41634100383
41634150049, 41634150380
41634200063, 41634200394
41634250068, 41634250399
41634300073, 41634300404
41634350074, 41634350405
41634400076, 41634400407
41634450057, 41634450394
41634500058, 41634500400
41634550079, 41634550426
41634600061, 41634600414
41634650062, 41634650415
41634700063, 41634700421
41634750064, 41634750422
41634800070, 41634800428
41634850087, 41634850445
41634900068, 41634900426
41634950069, 41634950427
41635000023, 41635000381